50
- 5,23,42 9 0
- 10,40,46 4 0
- - 3 0
- 34,40 6 0
1 6,26 4 1
5 8,10,13,18,28,30,41,42 3 2
- 21,24,29,39,40,46 3 0
6 10,17,28 8 3
- 11 9 0
2,6,8 17,20,37,43 2 4
9 23,30 1 1
- 20,26,27 10 0
6 19,22,27,28 10 3
- 20,25,28,32,40 3 0
- 21,30,41,43,46,47 1 0
- 20,34,47 9 0
8,10 - 4 5
6 37 2 3
13 20 6 4
10,12,14,16,19 36,47,50 8 5
7,15 38 1 1
13 34,43 10 4
1,11 33,46,48 2 2
7 36,45 6 1
14 46 3 1
5,12 30,41 2 2
12,13 31,39,45 8 4
6,8,13,14 39,48 4 4
7 48 5 1
6,11,15,26 38,43,49 4 3
27 - 6 5
14 39,50 9 1
23 47 6 3
4,16,22 - 1 5
- 41 9 0
20,24 38 7 6
10,18 39,41,45 1 5
21,30,36 - 1 7
7,27,28,32,37 49 7 6
2,4,7,14 48 5 1
6,15,26,35,37 46,48 2 6
1,6 - 5 3
10,15,22,30 - 9 5
- 47 6 0
24,27,37 - 6 6
2,7,15,23,25,41 49,50 5 7
15,16,20,33,44 49 6 6
23,28,29,40,41 - 2 7
30,39,46,47 - 9 8
20,32,46 - 10 8