50
- 3,4,11,14,21,25,35,36,40 10 0
- 3,30,33,44,47 4 0
1,2 5,36,39,44,46,47 5 1
1 5,26,27,28,35,38,39,42,44,47 9 1
3,4 29,35,37,39,44,46,50 3 2
- 7,18,22,33,34,36,38,43,48,50 8 0
6 21,22,24,26,32,33,39,41,49 8 1
- 9,24,26,30,31,32,48,49,50 1 0
8 11,18,19,23,26,27,32,33,35,39,45,48 10 1
- 11,22,26,50 5 0
1,9,10 21,22,29,31,44 4 2
- 24,25,27,29,39 6 0
- 20,22,23,28,40,47 8 0
1 16,23,30,36,48 9 1
- 17,28,32,38,40 10 0
14 18,20,21,26,31,32,48 5 2
15 20,22,33,44,45,48 6 1
6,9,16 33,46 7 3
9 21,23,29 2 2
13,16,17 23,25,27,28,29,35,40,42,44,47,49 2 3
1,7,11,16,19 26,27,30,32,37,40,45,48 3 3
6,7,10,11,13,17 25,26,31,35,42 7 3
9,13,14,19,20 42,44,47,50 4 4
7,8,12 27,32,33,35,36,42 9 2
1,12,20,22 29,45,49,50 9 4
4,7,8,9,10,16,21,22 29,39,48,50 9 4
4,9,12,20,21,24 30,31,39 10 4
4,13,15,20 29,31,33,35,36,38,46,48 4 4
5,11,12,19,20,25,26,28 30,31,39,45,50 3 5
2,8,14,21,27,29 34,39,45,47,48 9 6
8,11,16,22,27,28,29 32,33,34,42,44,48,50 10 6
7,8,9,15,16,21,24,31 35,36,39 5 7
2,6,7,9,17,18,24,28,31 35 8 7
6,30,31 38,42,43,47 3 7
1,4,5,9,20,22,24,28,32,33 36,47 1 8
1,3,6,14,24,28,32,35 37,40,45 3 9
5,21,36 40,50 7 10
4,6,15,28,34 45,47,49 3 8
3,4,5,7,9,12,26,27,29,30,32 43,50 2 8
1,13,15,20,21,36,37 43,45,47 10 11
7 45,47 5 2
4,20,22,23,24,31,34 45 9 8
6,34,39,40 46,47 1 12
2,3,4,5,11,17,20,23,31 45 8 7
9,17,21,25,29,30,36,38,40,41,42,44 - 10 12
3,5,18,28,43 - 10 13
2,3,4,13,20,23,30,34,35,38,40,41,43 50 3 13
6,8,9,14,16,17,21,26,28,30,31 - 5 7
7,8,20,25,38 - 2 9
5,6,8,10,23,25,26,29,31,37,39,47 - 4 14